5 0.42578125 0.65703125 0.14453125 0.2609375
5 0.47890625 0.45390625 0.18828125 0.2765625
5 0.7375 0.85 0.1546875 0.253125
5 0.2828125 0.53125 0.1578125 0.246875
11 0.29296875 0.75234375 0.13125 0.18828125
11 0.584375 0.259375 0.10078125 0.14765625
11 0.08671875 0.51015625 0.084375 0.125
11 0.184375 0.71484375 0.10234375 0.14609375
11 0.62578125 0.5859375 0.0953125 0.1515625
11 0.859375 0.9234375 0.11796875 0.153125
11 0.61484375 0.83203125 0.090625 0.13515625
11 0.54765625 0.66796875 0.11484375 0.19296875