11 0.39921875 0.25390625 0.13125 0.0984375
11 0.41875 0.4875 0.0890625 0.0734375
11 0.50625 0.50546875 0.1 0.0921875
11 0.21953125 0.10859375 0.15 0.1078125
11 0.50234375 0.8421875 0.1125 0.075
11 0.309375 0.52578125 0.1171875 0.084375
11 0.4765625 0.3046875 0.1109375 0.084375
11 0.24140625 0.3421875 0.1109375 0.08125
11 0.4390625 0.07421875 0.1171875 0.084375
11 0.4640625 0.609375 0.1296875 0.0828125
5 0.35390625 0.425 0.178125 0.125
5 0.565625 0.7203125 0.146875 0.103125
5 0.47734375 0.77734375 0.121875 0.090625
5 0.6109375 0.834375 0.115625 0.09375
5 0.74453125 0.8234375 0.0953125 0.078125
5 0.5828125 0.0375 0.19375 0.075