11 0.565625 0.2421875 0.1234375 0.0859375
11 0.578125 0.47578125 0.0828125 0.065625
11 0.49453125 0.50625 0.0921875 0.0828125
11 0.7234375 0.0734375 0.1421875 0.09375
11 0.5453125 0.8390625 0.1078125 0.0640625
11 0.6921875 0.49921875 0.1109375 0.0734375
11 0.49609375 0.303125 0.1046875 0.0734375
11 0.734375 0.3078125 0.1046875 0.0703125
11 0.50078125 0.0703125 0.1109375 0.0734375
11 0.55078125 0.603125 0.1234375 0.0703125
5 0.634375 0.40546875 0.16875 0.1078125
5 0.465625 0.72734375 0.1390625 0.090625
5 0.5609375 0.771875 0.1140625 0.0796875
5 0.43671875 0.84609375 0.1078125 0.0828125
5 0.303125 0.85390625 0.0890625 0.0703125
5 0.35234375 0.04140625 0.1875 0.08125