11 0.24375 0.5703125 0.084375 0.12265625
11 0.47734375 0.57890625 0.0640625 0.08125
11 0.50625 0.49453125 0.08125 0.08984375
11 0.07734375 0.73046875 0.090625 0.14140625
11 0.83984375 0.5390625 0.06171875 0.10625
11 0.50234375 0.6921875 0.07265625 0.109375
11 0.303125 0.49921875 0.07109375 0.103125
11 0.31171875 0.7375 0.06875 0.10390625
11 0.0703125 0.50859375 0.071875 0.10859375
11 0.60390625 0.54921875 0.06875 0.121875
5 0.4078125 0.6359375 0.1046875 0.1671875
5 0.7265625 0.46171875 0.08828125 0.13828125
5 0.77265625 0.55625 0.07890625 0.1125
5 0.8453125 0.43046875 0.08046875 0.10703125
5 0.85078125 0.296875 0.06875 0.08828125
5 0.0390625 0.36015625 0.078125 0.1859375