11 0.31875 0.6828125 0.0734375 0.11875
11 0.45859375 0.63125 0.071875 0.1046875
11 0.68125 0.61875 0.0671875 0.1078125
11 0.4890625 0.84921875 0.0671875 0.10859375
11 0.2171875 0.559375 0.0640625 0.10859375
11 0.2671875 0.43984375 0.0921875 0.14609375
11 0.17890625 0.2609375 0.05234375 0.09296875
11 0.69453125 0.36953125 0.05703125 0.1078125
11 0.121875 0.496875 0.04140625 0.07109375
11 0.1515625 0.54921875 0.046875 0.08046875
5 0.1734375 0.115625 0.05 0.0859375
5 0.528125 0.653125 0.08515625 0.14453125
5 0.79140625 0.46328125 0.07421875 0.128125
5 0.640625 0.3953125 0.06953125 0.11796875
5 0.75078125 0.34453125 0.06328125 0.12265625
5 0.39140625 0.4703125 0.0671875 0.1
5 0.3640625 0.615625 0.084375 0.1421875
5 0.54921875 0.78984375 0.0734375 0.10859375