11 0.6796875 0.315625 0.1203125 0.075
11 0.63046875 0.45625 0.10625 0.0734375
11 0.621875 0.67890625 0.109375 0.06875
11 0.84921875 0.4828125 0.1109375 0.06875
11 0.5546875 0.21640625 0.1109375 0.065625
11 0.4359375 0.26796875 0.1484375 0.0953125
11 0.25546875 0.1828125 0.0953125 0.0546875
11 0.37265625 0.696875 0.109375 0.0578125
11 0.490625 0.121875 0.071875 0.0421875
11 0.54296875 0.15078125 0.0828125 0.0484375
5 0.11015625 0.18046875 0.0875 0.0515625
5 0.65390625 0.52578125 0.1453125 0.0875
5 0.46875 0.7921875 0.1296875 0.0765625
5 0.39765625 0.6421875 0.1203125 0.0703125
5 0.34921875 0.753125 0.1234375 0.0640625
5 0.46875 0.3921875 0.1015625 0.06875
5 0.61328125 0.36171875 0.14375 0.0875
5 0.790625 0.54453125 0.1109375 0.075