11 0.64140625 0.715625 0.13125 0.096875
11 0.61953125 0.56796875 0.1171875 0.0921875
11 0.65390625 0.34765625 0.11875 0.0875
11 0.8390625 0.58359375 0.1203125 0.0890625
11 0.49921875 0.7890625 0.1203125 0.0859375
11 0.39296875 0.71484375 0.1625 0.1203125
11 0.19921875 0.7640625 0.103125 0.0703125
11 0.4125 0.2828125 0.1171875 0.078125
11 0.41796875 0.86953125 0.078125 0.0546875
11 0.47578125 0.85078125 0.0890625 0.0625
5 0.05625 0.73984375 0.09375 0.0671875
5 0.65546875 0.5046875 0.1578125 0.1125
5 0.525 0.20703125 0.140625 0.1
5 0.4265625 0.340625 0.1296875 0.0921875
5 0.4 0.22265625 0.1328125 0.0859375
5 0.4484375 0.6 0.1125 0.0859375
5 0.58515625 0.65703125 0.15625 0.1125
5 0.79375 0.5125 0.121875 0.0953125