8 0.5453125 0.55546875 0.2171875 0.2703125
8 0.45703125 0.33359375 0.21875 0.2671875
8 0.25 0.29375 0.1984375 0.284375
8 0.0953125 0.3921875 0.190625 0.278125
8 0.8640625 0.33984375 0.2515625 0.2875
8 0.55546875 0.13671875 0.2328125 0.2734375
8 0.8703125 0.7859375 0.15 0.2046875
8 0.61796875 0.87578125 0.1453125 0.23125
8 0.45859375 0.73046875 0.225 0.2609375
8 0.33203125 0.54296875 0.2296875 0.2984375
8 0.6671875 0.37734375 0.2609375 0.290625
8 0.6796875 0.696875 0.2125 0.240625
8 0.78046875 0.1296875 0.2515625 0.259375