8 0.4515625 0.465625 0.203125 0.15
8 0.43125 0.5859375 0.2125 0.140625
8 0.5875 0.8 0.19375 0.1625
8 0.1375 0.7703125 0.24375 0.159375
8 0.0875 0.6125 0.175 0.175
8 0.9125 0.1390625 0.175 0.184375
8 0.7296875 0.5859375 0.184375 0.153125
8 0.3125 0.3234375 0.1875 0.128125
8 0.2359375 0.875 0.215625 0.1625
8 0.265625 0.0671875 0.16875 0.134375
8 0.728125 0.2421875 0.16875 0.153125
8 0.7328125 0.83125 0.153125 0.1
8 0.9109375 0.740625 0.178125 0.14375
8 0.5921875 0.0625 0.153125 0.125
8 0.50625 0.3109375 0.1375 0.121875
8 0.0796875 0.4515625 0.159375 0.178125
8 0.428125 0.715625 0.175 0.15
8 0.5484375 0.9265625 0.209375 0.146875