8 0.428125 0.56640625 0.2046875 0.2265625
8 0.5953125 0.603125 0.2296875 0.25
8 0.78671875 0.5484375 0.2171875 0.2171875
8 0.5796875 0.25703125 0.21875 0.2359375
8 0.65234375 0.40546875 0.2109375 0.23125
8 0.4953125 0.41484375 0.1625 0.1609375
8 0.3875 0.4015625 0.171875 0.209375
8 0.38515625 0.24765625 0.1765625 0.1875
8 0.77109375 0.1703125 0.215625 0.2140625
8 0.76328125 0.859375 0.215625 0.25625
8 0.61875 0.8859375 0.221875 0.228125
8 0.4203125 0.74453125 0.2109375 0.2078125
8 0.8671875 0.7578125 0.1828125 0.2140625
8 0.89453125 0.6 0.2109375 0.24375
8 0.1859375 0.4765625 0.225 0.225
8 0.21953125 0.19609375 0.2265625 0.25
8 0.1625 0.8078125 0.196875 0.196875
8 0.9 0.28046875 0.2 0.2296875
8 0.45546875 0.1078125 0.1953125 0.215625
8 0.26875 0.71640625 0.178125 0.1859375
8 0.2078125 0.62890625 0.1859375 0.203125