8 0.54140625 0.4578125 0.2265625 0.1828125
8 0.5828125 0.57265625 0.234375 0.175
8 0.465625 0.8109375 0.21875 0.19375
8 0.88515625 0.703125 0.2296875 0.2
8 0.91171875 0.5390625 0.1765625 0.203125
8 0.06640625 0.215625 0.1328125 0.2125
8 0.2890625 0.62421875 0.2078125 0.1828125
8 0.65390625 0.29375 0.20625 0.159375
8 0.825 0.8234375 0.240625 0.196875
8 0.65546875 0.05625 0.1890625 0.1125
8 0.23046875 0.2859375 0.1921875 0.1796875
8 0.328125 0.86640625 0.16875 0.125
8 0.13671875 0.80859375 0.2 0.171875
8 0.33359375 0.08515625 0.171875 0.15
8 0.4609375 0.31484375 0.15625 0.14375
8 0.90546875 0.3796875 0.1875 0.203125
8 0.60859375 0.7 0.1984375 0.178125
8 0.5265625 0.91875 0.23125 0.1625