8 0.4828125 0.58359375 0.3703125 0.284375
8 0.27578125 0.72734375 0.4015625 0.2265625
8 0.1484375 0.53828125 0.296875 0.3109375
8 0.12578125 0.2546875 0.2515625 0.340625
8 0.353125 0.17890625 0.3515625 0.2359375
8 0.30546875 0.39921875 0.340625 0.2640625
8 0.29375 0.90546875 0.384375 0.1890625
8 0.48828125 0.81171875 0.34375 0.2765625
8 0.7453125 0.553125 0.309375 0.271875
8 0.60625 0.32109375 0.3421875 0.2453125
8 0.80859375 0.14921875 0.3484375 0.2859375
8 0.7765625 0.8484375 0.3109375 0.290625