8 0.559375 0.46015625 0.265625 0.2125
8 0.33046875 0.528125 0.2640625 0.215625
8 0.27265625 0.73125 0.28125 0.19375
8 0.3578125 0.9 0.275 0.2
8 0.37265625 0.1234375 0.2828125 0.246875
8 0.140625 0.4125 0.2765625 0.228125
8 0.8171875 0.15625 0.2015625 0.146875
8 0.884375 0.41484375 0.2296875 0.1421875
8 0.72578125 0.5609375 0.2578125 0.221875
8 0.528125 0.67109375 0.2953125 0.225
8 0.3921875 0.32265625 0.2859375 0.25625
8 0.71171875 0.33828125 0.2375 0.2078125
8 0.1453125 0.1875 0.2765625 0.246875