8 0.40390625 0.51953125 0.2125 0.18125
8 0.47265625 0.3625 0.234375 0.2046875
8 0.62890625 0.23984375 0.1984375 0.1984375
8 0.74296875 0.57890625 0.2203125 0.1953125
8 0.66640625 0.4328125 0.2171875 0.1890625
8 0.56640625 0.55390625 0.146875 0.1484375
8 0.5140625 0.64921875 0.2015625 0.146875
8 0.63671875 0.74140625 0.175 0.1578125
8 0.9140625 0.47421875 0.171875 0.1984375
8 0.36328125 0.084375 0.2453125 0.16875
8 0.2484375 0.17109375 0.2359375 0.1953125
8 0.25546875 0.42109375 0.1890625 0.19375
8 0.50703125 0.06484375 0.2046875 0.1296875
8 0.65390625 0.1171875 0.228125 0.2
8 0.33359375 0.76796875 0.20625 0.20625
8 0.58125 0.90234375 0.234375 0.1953125
8 0.07109375 0.59140625 0.1421875 0.1796875
8 0.9046875 0.2984375 0.190625 0.190625
8 0.7921875 0.76796875 0.209375 0.171875
8 0.18984375 0.56015625 0.171875 0.1609375
8 0.22421875 0.6609375 0.190625 0.165625