8 0.540625 0.5890625 0.14375 0.184375
8 0.371875 0.5578125 0.1625 0.203125
8 0.2171875 0.4328125 0.165625 0.165625
8 0.521875 0.2453125 0.15625 0.190625
8 0.396875 0.353125 0.15 0.1875
8 0.5375 0.4234375 0.125 0.121875
8 0.6421875 0.453125 0.109375 0.18125
8 0.7046875 0.3125 0.128125 0.15
8 0.3796875 0.090625 0.165625 0.1625
8 0.1171875 0.728125 0.140625 0.21875
8 0.2359375 0.81875 0.153125 0.20625
8 0.478125 0.75625 0.1625 0.15625
8 0.0609375 0.59375 0.121875 0.18125
8 0.0921875 0.4359375 0.159375 0.196875
8 0.7984375 0.6015625 0.171875 0.171875
8 0.8765625 0.3296875 0.159375 0.203125
8 0.690625 0.915625 0.15 0.15
8 0.2109375 0.1390625 0.153125 0.184375
8 0.6953125 0.1546875 0.134375 0.184375
8 0.628125 0.7890625 0.13125 0.146875
8 0.71875 0.7328125 0.13125 0.165625