8 0.46484375 0.54765625 0.153125 0.20625
8 0.584375 0.5703125 0.14375 0.215625
8 0.8015625 0.41796875 0.165625 0.196875
8 0.7640625 0.8671875 0.1640625 0.246875
8 0.6046875 0.9125 0.178125 0.175
8 0.1453125 0.08515625 0.1875 0.1703125
8 0.58984375 0.271875 0.15625 0.1875
8 0.3203125 0.684375 0.13125 0.1890625
8 0.8703125 0.7703125 0.165625 0.21875
8 0.065625 0.72578125 0.13125 0.1703125
8 0.24609375 0.2671875 0.15625 0.171875
8 0.83515625 0.27265625 0.103125 0.1546875
8 0.74765625 0.09296875 0.146875 0.18125
8 0.0640625 0.4 0.128125 0.1546875
8 0.3109375 0.490625 0.125 0.1390625
8 0.44375 0.91875 0.18125 0.1625
8 0.7140625 0.57578125 0.153125 0.178125
8 0.92578125 0.459375 0.1484375 0.2125