3 0.34453125 0.35546875 0.0953125 0.1265625
3 0.2921875 0.19765625 0.1078125 0.1546875
3 0.21953125 0.3421875 0.140625 0.171875
3 0.2609375 0.60234375 0.11875 0.1484375
3 0.2765625 0.471875 0.10625 0.096875
3 0.20234375 0.11484375 0.0984375 0.0578125
9 0.46796875 0.22265625 0.1078125 0.1546875
9 0.478125 0.43046875 0.096875 0.1390625
9 0.43671875 0.54296875 0.109375 0.1421875
9 0.60859375 0.4421875 0.0421875 0.075
9 0.15859375 0.50703125 0.103125 0.121875
9 0.11171875 0.23046875 0.096875 0.1078125