11 0.3671875 0.8359375 0.328125 0.328125
11 0.60546875 0.76015625 0.3015625 0.35
11 0.8859375 0.71796875 0.228125 0.2546875
11 0.75234375 0.62578125 0.2546875 0.25625
11 0.3078125 0.503125 0.234375 0.2890625
11 0.5 0.56875 0.2390625 0.2953125
11 0.615625 0.4828125 0.2921875 0.28125
11 0.75859375 0.36328125 0.2296875 0.34375
11 0.67578125 0.171875 0.29375 0.2796875
11 0.1171875 0.33046875 0.234375 0.2859375
11 0.50078125 0.20390625 0.2265625 0.2296875
11 0.23984375 0.7234375 0.296875 0.3234375
11 0.140625 0.50546875 0.259375 0.253125