11 0.83125 0.34375 0.3265625 0.3140625
11 0.7671875 0.5875 0.340625 0.2859375
11 0.74609375 0.88046875 0.2453125 0.2390625
11 0.64296875 0.74296875 0.246875 0.24375
11 0.48984375 0.30859375 0.28125 0.2203125
11 0.56875 0.4953125 0.2890625 0.225
11 0.490625 0.61640625 0.2703125 0.28125
11 0.38203125 0.76796875 0.340625 0.2109375
11 0.18515625 0.6984375 0.2671875 0.284375
11 0.30390625 0.12578125 0.278125 0.228125
11 0.2046875 0.521875 0.2203125 0.21875
11 0.7046875 0.225 0.3125 0.2828125
11 0.48046875 0.14140625 0.2421875 0.2484375