5 0.146875 0.5046875 0.29375 0.2375
5 0.075 0.16015625 0.15 0.2453125
5 0.046875 0.3921875 0.09375 0.2375
5 0.18671875 0.29375 0.2828125 0.2375
5 0.22109375 0.1234375 0.2203125 0.2234375
5 0.325 0.090625 0.209375 0.175
5 0.3953125 0.234375 0.2546875 0.2140625
5 0.33046875 0.5171875 0.215625 0.1859375
5 0.16484375 0.70546875 0.2109375 0.23125
5 0.271875 0.8609375 0.2890625 0.234375
5 0.278125 0.7171875 0.1984375 0.2125
5 0.415625 0.6734375 0.1984375 0.165625
5 0.5390625 0.728125 0.2828125 0.24375
5 0.50859375 0.5234375 0.246875 0.1984375
5 0.46796875 0.39296875 0.228125 0.2609375
5 0.57421875 0.2046875 0.18125 0.190625
5 0.615625 0.31484375 0.2125 0.2078125
5 0.671875 0.44375 0.2046875 0.21875
5 0.7484375 0.63046875 0.21875 0.1796875
5 0.79296875 0.47890625 0.2125 0.2046875
5 0.8390625 0.39609375 0.0921875 0.2375
5 0.746875 0.26171875 0.190625 0.190625