5 0.53828125 0.8484375 0.2515625 0.303125
5 0.88125 0.88671875 0.2375 0.1796875
5 0.6625 0.940625 0.2421875 0.1140625
5 0.74296875 0.7859375 0.2515625 0.29375
5 0.8953125 0.73125 0.209375 0.23125
5 0.9171875 0.62421875 0.165625 0.2171875
5 0.77578125 0.571875 0.2265625 0.2640625
5 0.50390625 0.6703125 0.1953125 0.2234375
5 0.33671875 0.8578125 0.2421875 0.221875
5 0.16953125 0.7703125 0.2484375 0.3
5 0.31171875 0.746875 0.221875 0.2078125
5 0.33828125 0.60546875 0.175 0.20625
5 0.26875 0.4890625 0.2578125 0.29375
5 0.47578125 0.49453125 0.2109375 0.25625
5 0.61015625 0.51875 0.271875 0.240625
5 0.78359375 0.390625 0.1984375 0.190625
5 0.6703125 0.3625 0.2171875 0.2234375
5 0.534375 0.32265625 0.228125 0.2140625
5 0.33984375 0.26953125 0.1890625 0.2265625
5 0.48515625 0.20625 0.2140625 0.221875
5 0.56171875 0.15078125 0.240625 0.1046875
5 0.70625 0.2265625 0.2 0.2