5 0.4921875 0.853125 0.228125 0.2875
5 0.1453125 0.9203125 0.240625 0.159375
5 0.3765625 0.953125 0.234375 0.09375
5 0.2828125 0.80625 0.228125 0.275
5 0.1140625 0.765625 0.215625 0.2125
5 0.084375 0.6609375 0.16875 0.203125
5 0.23125 0.5953125 0.20625 0.246875
5 0.5109375 0.6703125 0.178125 0.209375
5 0.69375 0.8421875 0.225 0.203125
5 0.853125 0.740625 0.225 0.28125
5 0.709375 0.7296875 0.20625 0.190625
5 0.6703125 0.590625 0.159375 0.19375
5 0.7296875 0.46875 0.234375 0.275
5 0.5234375 0.4921875 0.190625 0.240625
5 0.3921875 0.528125 0.253125 0.21875
5 0.2078125 0.415625 0.184375 0.175
5 0.31875 0.378125 0.2 0.20625
5 0.45 0.3265625 0.2125 0.196875
5 0.6390625 0.25625 0.171875 0.2125
5 0.4890625 0.20625 0.196875 0.20625
5 0.4078125 0.1578125 0.234375 0.084375
5 0.2703125 0.2453125 0.184375 0.184375